100
N28167|22810|10.0	10.3873
N28168|10059|10.0	10.3873
N28170|42329|10.0	10.3873
N28178|36566|10.0	10.3873
N28184|25706|10.0	10.3873
N28198|11623|10.0	10.3873
N28212|15529|10.0	10.3873
N28215|37433|10.0	10.3873
N28224|14852|10.0	10.3873
N28228|2077|10.0	10.3873
N28229|8280|10.0	10.3873
N28230|59114|10.0	10.3873
N28231|40195|10.0	10.3873
N28258|6108|10.0	10.3873
N28259|74166|10.0	10.3873
N28266|6988|10.0	10.3873
N28274|79542|10.0	10.3873
N28283|16531|10.0	10.3873
N28286|3686|10.0	10.3873
N28287|32925|10.0	10.3873
N28294|69|10.0	10.3873
N28300|76436|10.0	10.3873
N28307|25448|10.0	10.3873
N28318|91522|10.0	10.3873
N28319|96320|10.0	10.3873
N28325|70494|10.0	10.3873
N28327|18169|10.0	10.3873
N28339|76745|10.0	10.3873
N28352|28882|10.0	10.3873
N28359|43577|10.0	10.3873
N28381|33875|10.0	10.3873
N28383|9260|10.0	10.3873
N28398|87920|10.0	10.3873
N28426|74684|10.0	10.3873
N28432|25591|10.0	10.3873
N28435|61459|10.0	10.3873
N28441|35831|10.0	10.3873
N28452|92723|10.0	10.3873
N28475|69057|10.0	10.3873
N28477|9951|10.0	10.3873
N28492|74981|10.0	10.3873
N28506|83817|10.0	10.3873
N28531|72875|10.0	10.3873
N28533|99340|10.0	10.3873
N28546|47784|10.0	10.3873
N28564|93318|10.0	10.3873
N28580|75044|10.0	10.3873
N28589|84179|10.0	10.3873
N28618|25121|10.0	10.3873
N28621|41730|10.0	10.3873
N28631|52242|10.0	10.3873
N28649|54028|10.0	10.3873
N28677|86340|10.0	10.3873
N28679|24637|10.0	10.3873
N28693|3441|10.0	10.3873
N28697|40187|10.0	10.3873
N28700|19520|10.0	10.3873
N28704|55162|10.0	10.3873
N28721|98178|10.0	10.3873
N28722|29810|10.0	10.3873
N28729|30612|10.0	10.3873
N28730|19514|10.0	10.3873
N28733|27537|10.0	10.3873
N28734|85218|10.0	10.3873
N28739|72936|10.0	10.3873
N28747|29093|10.0	10.3873
N28762|2607|10.0	10.3873
N28770|79879|10.0	10.3873
N28782|11912|10.0	10.3873
N28783|26494|10.0	10.3873
N28793|633|10.0	10.3873
N28794|62104|10.0	10.3873
N28809|76187|10.0	10.3873
N28823|22165|10.0	10.3873
N28825|407|10.0	10.3873
N28830|84053|10.0	10.3873
N28860|59552|10.0	10.3873
N28867|16222|10.0	10.3873
N28917|19483|10.0	10.3873
N28930|25933|10.0	10.3873
N28938|25693|10.0	10.3873
N28941|73898|10.0	10.3873
N28955|19516|10.0	10.3873
N28961|71930|10.0	10.3873
N28984|63976|10.0	10.3873
N28989|59872|10.0	10.3873
N28990|20788|10.0	10.3873
N28993|20767|10.0	10.3873
N28994|48915|10.0	10.3873
N28995|85404|10.0	10.3873
N29000|92795|10.0	10.3873
N29003|37490|10.0	10.3873
N29004|20500|10.0	10.3873
N29025|88343|10.0	10.3873
N29045|9670|10.0	10.3873
N29048|43090|10.0	10.3873
N29079|18946|10.0	10.3873
N29080|15461|10.0	10.3873
N29115|10521|10.0	10.3873
N29128|5127|10.0	10.3873
