100
N28166|73902|10.0	10.3873
N28179|4208|10.0	10.3873
N28187|54805|10.0	10.3873
N28213|32597|10.0	10.3873
N28225|34497|10.0	10.3873
N28227|72938|10.0	10.3873
N28228|2077|10.0	10.3873
N28229|8280|10.0	10.3873
N28231|40195|10.0	10.3873
N28235|54562|10.0	10.3873
N28259|74166|10.0	10.3873
N28279|78|10.0	10.3873
N28283|16531|10.0	10.3873
N28307|25448|10.0	10.3873
N28326|60425|10.0	10.3873
N28329|47992|10.0	10.3873
N28353|21016|10.0	10.3873
N28359|43577|10.0	10.3873
N28360|44648|10.0	10.3873
N28361|75119|10.0	10.3873
N28372|11854|10.0	10.3873
N28375|74571|10.0	10.3873
N28384|27704|10.0	10.3873
N28398|87920|10.0	10.3873
N28409|49568|10.0	10.3873
N28419|31315|10.0	10.3873
N28423|39199|10.0	10.3873
N28428|27053|10.0	10.3873
N28429|92232|10.0	10.3873
N28436|37184|10.0	10.3873
N28442|1965|10.0	10.3873
N28446|71818|10.0	10.3873
N28448|17168|10.0	10.3873
N28475|69057|10.0	10.3873
N28478|99725|10.0	10.3873
N28492|74981|10.0	10.3873
N28533|99340|10.0	10.3873
N28547|76271|10.0	10.3873
N28567|58808|10.0	10.3873
N28569|12233|10.0	10.3873
N28575|78432|10.0	10.3873
N28577|49815|10.0	10.3873
N28587|94445|10.0	10.3873
N28590|22823|10.0	10.3873
N28603|41540|10.0	10.3873
N28605|67269|10.0	10.3873
N28606|21366|10.0	10.3873
N28641|64773|10.0	10.3873
N28687|20128|10.0	10.3873
N28688|29768|10.0	10.3873
N28691|26671|10.0	10.3873
N28697|40187|10.0	10.3873
N28698|30711|10.0	10.3873
N28703|11978|10.0	10.3873
N28714|10540|10.0	10.3873
N28716|15408|10.0	10.3873
N28726|70919|10.0	10.3873
N28727|85988|10.0	10.3873
N28729|30612|10.0	10.3873
N28731|30184|10.0	10.3873
N28737|24407|10.0	10.3873
N28740|7648|10.0	10.3873
N28742|84285|10.0	10.3873
N28743|37928|10.0	10.3873
N28747|29093|10.0	10.3873
N28762|2607|10.0	10.3873
N28770|79879|10.0	10.3873
N28783|26494|10.0	10.3873
N28793|633|10.0	10.3873
N28799|6044|10.0	10.3873
N28827|4868|10.0	10.3873
N28830|84053|10.0	10.3873
N28849|43631|10.0	10.3873
N28861|37052|10.0	10.3873
N28866|27349|10.0	10.3873
N28867|16222|10.0	10.3873
N28887|62150|10.0	10.3873
N28902|70316|10.0	10.3873
N28905|8829|10.0	10.3873
N28911|54491|10.0	10.3873
N28913|45717|10.0	10.3873
N28914|2943|10.0	10.3873
N28917|19483|10.0	10.3873
N28937|8642|10.0	10.3873
N28939|236|10.0	10.3873
N28941|73898|10.0	10.3873
N28952|80504|10.0	10.3873
N28962|36686|10.0	10.3873
N28990|20788|10.0	10.3873
N28991|97520|10.0	10.3873
N29024|97107|10.0	10.3873
N29046|67530|10.0	10.3873
N29070|74821|10.0	10.3873
N29085|83905|10.0	10.3873
N29098|13955|10.0	10.3873
N29104|20692|10.0	10.3873
N29110|32261|10.0	10.3873
N29112|9746|10.0	10.3873
N29144|32556|10.0	10.3873
N29147|47135|10.0	10.3873
