100
N28166|73902|10.0	10.3873
N28167|22810|10.0	10.3873
N28177|85827|10.0	10.3873
N28178|36566|10.0	10.3873
N28180|53029|10.0	10.3873
N28181|14963|10.0	10.3873
N28227|72938|10.0	10.3873
N28231|40195|10.0	10.3873
N28243|9845|10.0	10.3873
N28260|21231|10.0	10.3873
N28261|40288|10.0	10.3873
N28288|38583|10.0	10.3873
N28294|69|10.0	10.3873
N28296|2066|10.0	10.3873
N28297|5436|10.0	10.3873
N28318|91522|10.0	10.3873
N28321|1728|10.0	10.3873
N28322|19298|10.0	10.3873
N28327|18169|10.0	10.3873
N28359|43577|10.0	10.3873
N28360|44648|10.0	10.3873
N28368|61801|10.0	10.3873
N28369|90041|10.0	10.3873
N28377|19803|10.0	10.3873
N28378|35802|10.0	10.3873
N28380|17386|10.0	10.3873
N28383|9260|10.0	10.3873
N28387|23427|10.0	10.3873
N28402|85595|10.0	10.3873
N28410|36106|10.0	10.3873
N28414|32688|10.0	10.3873
N28419|31315|10.0	10.3873
N28428|27053|10.0	10.3873
N28433|79238|10.0	10.3873
N28440|38458|10.0	10.3873
N28448|17168|10.0	10.3873
N28452|92723|10.0	10.3873
N28478|99725|10.0	10.3873
N28518|58044|10.0	10.3873
N28523|37095|10.0	10.3873
N28531|72875|10.0	10.3873
N28532|77015|10.0	10.3873
N28533|99340|10.0	10.3873
N28547|76271|10.0	10.3873
N28569|12233|10.0	10.3873
N28580|75044|10.0	10.3873
N28581|26558|10.0	10.3873
N28585|40638|10.0	10.3873
N28587|94445|10.0	10.3873
N28605|67269|10.0	10.3873
N28613|15536|10.0	10.3873
N28615|93955|10.0	10.3873
N28621|41730|10.0	10.3873
N28648|28245|10.0	10.3873
N28656|46692|10.0	10.3873
N28678|29020|10.0	10.3873
N28679|24637|10.0	10.3873
N28683|98339|10.0	10.3873
N28686|16541|10.0	10.3873
N28688|29768|10.0	10.3873
N28690|17526|10.0	10.3873
N28710|109|10.0	10.3873
N28711|86948|10.0	10.3873
N28723|49633|10.0	10.3873
N28724|6572|10.0	10.3873
N28737|24407|10.0	10.3873
N28738|65780|10.0	10.3873
N28739|72936|10.0	10.3873
N28747|29093|10.0	10.3873
N28794|62104|10.0	10.3873
N28805|99264|10.0	10.3873
N28809|76187|10.0	10.3873
N28829|90454|10.0	10.3873
N28860|59552|10.0	10.3873
N28865|35166|10.0	10.3873
N28866|27349|10.0	10.3873
N28883|44002|10.0	10.3873
N28887|62150|10.0	10.3873
N28892|71768|10.0	10.3873
N28904|62039|10.0	10.3873
N28913|45717|10.0	10.3873
N28914|2943|10.0	10.3873
N28926|38466|10.0	10.3873
N28928|95434|10.0	10.3873
N28955|19516|10.0	10.3873
N28961|71930|10.0	10.3873
N28994|48915|10.0	10.3873
N29010|26650|10.0	10.3873
N29011|36722|10.0	10.3873
N29018|35939|10.0	10.3873
N29022|59917|10.0	10.3873
N29040|64514|10.0	10.3873
N29046|67530|10.0	10.3873
N29080|15461|10.0	10.3873
N29082|57190|10.0	10.3873
N29094|51887|10.0	10.3873
N29097|2113|10.0	10.3873
N29120|30364|10.0	10.3873
N29142|85964|10.0	10.3873
N29143|12793|10.0	10.3873
