100
N28170|42329|10.0	10.3873
N28176|8512|10.0	10.3873
N28177|85827|10.0	10.3873
N28180|53029|10.0	10.3873
N28181|14963|10.0	10.3873
N28212|15529|10.0	10.3873
N28218|82265|10.0	10.3873
N28224|14852|10.0	10.3873
N28238|71335|10.0	10.3873
N28243|9845|10.0	10.3873
N28260|21231|10.0	10.3873
N28261|40288|10.0	10.3873
N28283|16531|10.0	10.3873
N28284|37883|10.0	10.3873
N28287|32925|10.0	10.3873
N28290|50021|10.0	10.3873
N28296|2066|10.0	10.3873
N28300|76436|10.0	10.3873
N28321|1728|10.0	10.3873
N28323|60372|10.0	10.3873
N28326|60425|10.0	10.3873
N28327|18169|10.0	10.3873
N28332|24565|10.0	10.3873
N28358|1576|10.0	10.3873
N28361|75119|10.0	10.3873
N28372|11854|10.0	10.3873
N28412|51747|10.0	10.3873
N28414|32688|10.0	10.3873
N28418|73018|10.0	10.3873
N28422|43803|10.0	10.3873
N28426|74684|10.0	10.3873
N28441|35831|10.0	10.3873
N28443|13349|10.0	10.3873
N28444|97694|10.0	10.3873
N28492|74981|10.0	10.3873
N28523|37095|10.0	10.3873
N28532|77015|10.0	10.3873
N28566|54533|10.0	10.3873
N28575|78432|10.0	10.3873
N28578|2130|10.0	10.3873
N28581|26558|10.0	10.3873
N28585|40638|10.0	10.3873
N28603|41540|10.0	10.3873
N28606|21366|10.0	10.3873
N28612|65790|10.0	10.3873
N28614|25000|10.0	10.3873
N28616|214|10.0	10.3873
N28629|78234|10.0	10.3873
N28635|68732|10.0	10.3873
N28648|28245|10.0	10.3873
N28657|24323|10.0	10.3873
N28658|12408|10.0	10.3873
N28683|98339|10.0	10.3873
N28691|26671|10.0	10.3873
N28692|74913|10.0	10.3873
N28694|2871|10.0	10.3873
N28697|40187|10.0	10.3873
N28703|11978|10.0	10.3873
N28709|63045|10.0	10.3873
N28710|109|10.0	10.3873
N28725|21741|10.0	10.3873
N28742|84285|10.0	10.3873
N28746|9479|10.0	10.3873
N28762|2607|10.0	10.3873
N28763|74841|10.0	10.3873
N28784|54628|10.0	10.3873
N28786|52914|10.0	10.3873
N28794|62104|10.0	10.3873
N28844|61890|10.0	10.3873
N28849|43631|10.0	10.3873
N28860|59552|10.0	10.3873
N28866|27349|10.0	10.3873
N28871|22600|10.0	10.3873
N28873|81392|10.0	10.3873
N28904|62039|10.0	10.3873
N28912|49013|10.0	10.3873
N28935|28841|10.0	10.3873
N28936|53772|10.0	10.3873
N28941|73898|10.0	10.3873
N28959|12172|10.0	10.3873
N28984|63976|10.0	10.3873
N28989|59872|10.0	10.3873
N28993|20767|10.0	10.3873
N28994|48915|10.0	10.3873
N28997|87163|10.0	10.3873
N29018|35939|10.0	10.3873
N29041|34720|10.0	10.3873
N29045|9670|10.0	10.3873
N29079|18946|10.0	10.3873
N29080|15461|10.0	10.3873
N29085|83905|10.0	10.3873
N29094|51887|10.0	10.3873
N29100|14101|10.0	10.3873
N29115|10521|10.0	10.3873
N29125|31592|10.0	10.3873
N29128|5127|10.0	10.3873
N29134|32796|10.0	10.3873
N29143|12793|10.0	10.3873
N29147|47135|10.0	10.3873
N29153|37957|10.0	10.3873
