100
N28164|16144|10.0	10.6906
N28173|88549|10.0	10.6906
N28182|19248|10.0	10.6906
N28193|52150|10.0	10.6906
N28211|40127|10.0	10.6906
N28216|99527|10.0	10.6906
N28217|52328|10.0	10.6906
N28234|64677|10.0	10.6906
N28251|24836|10.0	10.6906
N28255|45762|10.0	10.6906
N28257|4799|10.0	10.6906
N28262|9869|10.0	10.6906
N28275|44679|10.0	10.6906
N28276|32884|10.0	10.6906
N28289|98537|10.0	10.6906
N28302|55393|10.0	10.6906
N28304|45036|10.0	10.6906
N28334|58430|10.0	10.6906
N28354|63706|10.0	10.6906
N28363|70039|10.0	10.6906
N28365|37056|10.0	10.6906
N28394|52526|10.0	10.6906
N28395|87197|10.0	10.6906
N28397|59383|10.0	10.6906
N28399|70182|10.0	10.6906
N28406|47696|10.0	10.6906
N28408|1634|10.0	10.6906
N28431|93267|10.0	10.6906
N28460|49203|10.0	10.6906
N28466|50952|10.0	10.6906
N28484|64772|10.0	10.6906
N28496|191|10.0	10.6906
N28500|2343|10.0	10.6906
N28510|2230|10.0	10.6906
N28511|84271|10.0	10.6906
N28514|12443|10.0	10.6906
N28522|74871|10.0	10.6906
N28543|90644|10.0	10.6906
N28550|87087|10.0	10.6906
N28551|79514|10.0	10.6906
N28556|64924|10.0	10.6906
N28561|31507|10.0	10.6906
N28562|78557|10.0	10.6906
N28576|49748|10.0	10.6906
N28592|37890|10.0	10.6906
N28593|40949|10.0	10.6906
N28596|84775|10.0	10.6906
N28599|17687|10.0	10.6906
N28610|35128|10.0	10.6906
N28626|17993|10.0	10.6906
N28628|52951|10.0	10.6906
N28634|72690|10.0	10.6906
N28639|4786|10.0	10.6906
N28653|72676|10.0	10.6906
N28674|82304|10.0	10.6906
N28753|15491|10.0	10.6906
N28760|82228|10.0	10.6906
N28766|83013|10.0	10.6906
N28797|49267|10.0	10.6906
N28814|68481|10.0	10.6906
N28819|84905|10.0	10.6906
N28832|49357|10.0	10.6906
N28837|55782|10.0	10.6906
N28840|94748|10.0	10.6906
N28842|88926|10.0	10.6906
N28846|91268|10.0	10.6906
N28847|49662|10.0	10.6906
N28853|18994|10.0	10.6906
N28857|72746|10.0	10.6906
N28874|39316|10.0	10.6906
N28876|23610|10.0	10.6906
N28889|13949|10.0	10.6906
N28899|34868|10.0	10.6906
N28901|81284|10.0	10.6906
N28906|49165|10.0	10.6906
N28943|62421|10.0	10.6906
N28944|78565|10.0	10.6906
N28963|65641|10.0	10.6906
N28965|19518|10.0	10.6906
N28966|19003|10.0	10.6906
N28967|3083|10.0	10.6906
N28978|24210|10.0	10.6906
N28981|1098|10.0	10.6906
N28985|21359|10.0	10.6906
N28986|27713|10.0	10.6906
N29005|79655|10.0	10.6906
N29006|50795|10.0	10.6906
N29015|33888|10.0	10.6906
N29032|33464|10.0	10.6906
N29050|40143|10.0	10.6906
N29054|42261|10.0	10.6906
N29063|53503|10.0	10.6906
N29076|25711|10.0	10.6906
N29077|5753|10.0	10.6906
N29083|3231|10.0	10.6906
N29090|22716|10.0	10.6906
N29093|75297|10.0	10.6906
N29121|46086|10.0	10.6906
N29126|50206|10.0	10.6906
N29152|3518|10.0	10.6906
