100
N28156|28535|10.0	10.3873
N28157|2352|10.0	10.3873
N28159|66602|10.0	10.3873
N28166|73902|10.0	10.3873
N28171|39066|10.0	10.3873
N28180|53029|10.0	10.3873
N28181|14963|10.0	10.3873
N28184|25706|10.0	10.3873
N28192|82249|10.0	10.3873
N28215|37433|10.0	10.3873
N28224|14852|10.0	10.3873
N28261|40288|10.0	10.3873
N28266|6988|10.0	10.3873
N28273|89809|10.0	10.3873
N28285|57|10.0	10.3873
N28291|23577|10.0	10.3873
N28293|20374|10.0	10.3873
N28299|35186|10.0	10.3873
N28322|19298|10.0	10.3873
N28324|80926|10.0	10.3873
N28326|60425|10.0	10.3873
N28339|76745|10.0	10.3873
N28350|42874|10.0	10.3873
N28358|1576|10.0	10.3873
N28361|75119|10.0	10.3873
N28373|15839|10.0	10.3873
N28375|74571|10.0	10.3873
N28376|84280|10.0	10.3873
N28378|35802|10.0	10.3873
N28379|94862|10.0	10.3873
N28381|33875|10.0	10.3873
N28382|84437|10.0	10.3873
N28420|27285|10.0	10.3873
N28424|35097|10.0	10.3873
N28425|15658|10.0	10.3873
N28426|74684|10.0	10.3873
N28432|25591|10.0	10.3873
N28433|79238|10.0	10.3873
N28440|38458|10.0	10.3873
N28451|83266|10.0	10.3873
N28477|9951|10.0	10.3873
N28540|56227|10.0	10.3873
N28565|85620|10.0	10.3873
N28567|58808|10.0	10.3873
N28577|49815|10.0	10.3873
N28578|2130|10.0	10.3873
N28589|84179|10.0	10.3873
N28602|83697|10.0	10.3873
N28612|65790|10.0	10.3873
N28615|93955|10.0	10.3873
N28647|83074|10.0	10.3873
N28649|54028|10.0	10.3873
N28675|36822|10.0	10.3873
N28688|29768|10.0	10.3873
N28689|62305|10.0	10.3873
N28701|95682|10.0	10.3873
N28707|4303|10.0	10.3873
N28711|86948|10.0	10.3873
N28713|6157|10.0	10.3873
N28716|15408|10.0	10.3873
N28717|10660|10.0	10.3873
N28718|62107|10.0	10.3873
N28722|29810|10.0	10.3873
N28724|6572|10.0	10.3873
N28728|1552|10.0	10.3873
N28730|19514|10.0	10.3873
N28731|30184|10.0	10.3873
N28739|72936|10.0	10.3873
N28745|84658|10.0	10.3873
N28781|57001|10.0	10.3873
N28793|633|10.0	10.3873
N28824|35815|10.0	10.3873
N28827|4868|10.0	10.3873
N28861|37052|10.0	10.3873
N28871|22600|10.0	10.3873
N28892|71768|10.0	10.3873
N28902|70316|10.0	10.3873
N28908|6093|10.0	10.3873
N28926|38466|10.0	10.3873
N28927|35085|10.0	10.3873
N28938|25693|10.0	10.3873
N28992|256|10.0	10.3873
N28994|48915|10.0	10.3873
N28995|85404|10.0	10.3873
N29004|20500|10.0	10.3873
N29014|61900|10.0	10.3873
N29022|59917|10.0	10.3873
N29026|26921|10.0	10.3873
N29030|59046|10.0	10.3873
N29041|34720|10.0	10.3873
N29053|90047|10.0	10.3873
N29069|52151|10.0	10.3873
N29082|57190|10.0	10.3873
N29094|51887|10.0	10.3873
N29103|32982|10.0	10.3873
N29110|32261|10.0	10.3873
N29116|76772|10.0	10.3873
N29128|5127|10.0	10.3873
N29139|41711|10.0	10.3873
N29140|44278|10.0	10.3873
