100
N28202|60114|10.0	10.6906
N28211|40127|10.0	10.6906
N28234|64677|10.0	10.6906
N28241|21278|10.0	10.6906
N28245|33087|10.0	10.6906
N28250|30876|10.0	10.6906
N28251|24836|10.0	10.6906
N28271|10640|10.0	10.6906
N28302|55393|10.0	10.6906
N28304|45036|10.0	10.6906
N28313|12653|10.0	10.6906
N28316|1864|10.0	10.6906
N28317|17890|10.0	10.6906
N28346|4148|10.0	10.6906
N28347|7101|10.0	10.6906
N28362|69059|10.0	10.6906
N28396|28437|10.0	10.6906
N28400|10477|10.0	10.6906
N28406|47696|10.0	10.6906
N28413|15462|10.0	10.6906
N28416|75437|10.0	10.6906
N28461|79705|10.0	10.6906
N28462|7495|10.0	10.6906
N28473|19758|10.0	10.6906
N28500|2343|10.0	10.6906
N28504|38933|10.0	10.6906
N28507|85876|10.0	10.6906
N28511|84271|10.0	10.6906
N28512|79660|10.0	10.6906
N28522|74871|10.0	10.6906
N28527|81537|10.0	10.6906
N28536|112|10.0	10.6906
N28541|5972|10.0	10.6906
N28542|34064|10.0	10.6906
N28553|41177|10.0	10.6906
N28555|79571|10.0	10.6906
N28558|84912|10.0	10.6906
N28625|74324|10.0	10.6906
N28644|34671|10.0	10.6906
N28659|60464|10.0	10.6906
N28660|90876|10.0	10.6906
N28663|61292|10.0	10.6906
N28669|16125|10.0	10.6906
N28673|99612|10.0	10.6906
N28748|35801|10.0	10.6906
N28750|2406|10.0	10.6906
N28751|10719|10.0	10.6906
N28766|83013|10.0	10.6906
N28768|79482|10.0	10.6906
N28774|5418|10.0	10.6906
N28780|65521|10.0	10.6906
N28787|39653|10.0	10.6906
N28789|53233|10.0	10.6906
N28792|23946|10.0	10.6906
N28800|91841|10.0	10.6906
N28802|3327|10.0	10.6906
N28811|23375|10.0	10.6906
N28815|78498|10.0	10.6906
N28821|13691|10.0	10.6906
N28836|34751|10.0	10.6906
N28837|55782|10.0	10.6906
N28839|75758|10.0	10.6906
N28842|88926|10.0	10.6906
N28846|91268|10.0	10.6906
N28855|24428|10.0	10.6906
N28864|31490|10.0	10.6906
N28875|5201|10.0	10.6906
N28879|82208|10.0	10.6906
N28886|37063|10.0	10.6906
N28896|3447|10.0	10.6906
N28910|10850|10.0	10.6906
N28921|37587|10.0	10.6906
N28929|44742|10.0	10.6906
N28944|78565|10.0	10.6906
N28947|10740|10.0	10.6906
N28951|52722|10.0	10.6906
N28957|42096|10.0	10.6906
N28958|54185|10.0	10.6906
N28969|21590|10.0	10.6906
N28979|22476|10.0	10.6906
N28985|21359|10.0	10.6906
N28988|77420|10.0	10.6906
N29019|53404|10.0	10.6906
N29033|304|10.0	10.6906
N29059|97592|10.0	10.6906
N29061|77649|10.0	10.6906
N29065|69645|10.0	10.6906
N29074|30752|10.0	10.6906
N29088|79935|10.0	10.6906
N29091|38934|10.0	10.6906
N29092|25142|10.0	10.6906
N29105|99221|10.0	10.6906
N29107|73472|10.0	10.6906
N29118|10868|10.0	10.6906
N29121|46086|10.0	10.6906
N29122|57118|10.0	10.6906
N29123|90725|10.0	10.6906
N29127|90740|10.0	10.6906
N29145|41886|10.0	10.6906
N29146|62915|10.0	10.6906
