100
N28155|54607|10.0	10.3873
N28157|2352|10.0	10.3873
N28160|75760|10.0	10.3873
N28185|97506|10.0	10.3873
N28191|710|10.0	10.3873
N28192|82249|10.0	10.3873
N28212|15529|10.0	10.3873
N28213|32597|10.0	10.3873
N28228|2077|10.0	10.3873
N28284|37883|10.0	10.3873
N28288|38583|10.0	10.3873
N28322|19298|10.0	10.3873
N28323|60372|10.0	10.3873
N28324|80926|10.0	10.3873
N28329|47992|10.0	10.3873
N28332|24565|10.0	10.3873
N28352|28882|10.0	10.3873
N28371|39168|10.0	10.3873
N28374|137|10.0	10.3873
N28376|84280|10.0	10.3873
N28380|17386|10.0	10.3873
N28412|51747|10.0	10.3873
N28426|74684|10.0	10.3873
N28428|27053|10.0	10.3873
N28438|63596|10.0	10.3873
N28440|38458|10.0	10.3873
N28446|71818|10.0	10.3873
N28475|69057|10.0	10.3873
N28479|20994|10.0	10.3873
N28482|91569|10.0	10.3873
N28505|77341|10.0	10.3873
N28530|31061|10.0	10.3873
N28533|99340|10.0	10.3873
N28540|56227|10.0	10.3873
N28546|47784|10.0	10.3873
N28567|58808|10.0	10.3873
N28575|78432|10.0	10.3873
N28579|26710|10.0	10.3873
N28582|39063|10.0	10.3873
N28618|25121|10.0	10.3873
N28624|22027|10.0	10.3873
N28631|52242|10.0	10.3873
N28649|54028|10.0	10.3873
N28689|62305|10.0	10.3873
N28691|26671|10.0	10.3873
N28692|74913|10.0	10.3873
N28697|40187|10.0	10.3873
N28698|30711|10.0	10.3873
N28711|86948|10.0	10.3873
N28714|10540|10.0	10.3873
N28716|15408|10.0	10.3873
N28728|1552|10.0	10.3873
N28731|30184|10.0	10.3873
N28732|50858|10.0	10.3873
N28737|24407|10.0	10.3873
N28741|11909|10.0	10.3873
N28742|84285|10.0	10.3873
N28743|37928|10.0	10.3873
N28747|29093|10.0	10.3873
N28756|46349|10.0	10.3873
N28778|12639|10.0	10.3873
N28793|633|10.0	10.3873
N28825|407|10.0	10.3873
N28830|84053|10.0	10.3873
N28843|45937|10.0	10.3873
N28867|16222|10.0	10.3873
N28870|50334|10.0	10.3873
N28883|44002|10.0	10.3873
N28890|68837|10.0	10.3873
N28892|71768|10.0	10.3873
N28904|62039|10.0	10.3873
N28924|17926|10.0	10.3873
N28930|25933|10.0	10.3873
N28931|71480|10.0	10.3873
N28936|53772|10.0	10.3873
N28939|236|10.0	10.3873
N28941|73898|10.0	10.3873
N28962|36686|10.0	10.3873
N28989|59872|10.0	10.3873
N28990|20788|10.0	10.3873
N28993|20767|10.0	10.3873
N28994|48915|10.0	10.3873
N28995|85404|10.0	10.3873
N29008|13324|10.0	10.3873
N29009|13347|10.0	10.3873
N29011|36722|10.0	10.3873
N29014|61900|10.0	10.3873
N29022|59917|10.0	10.3873
N29026|26921|10.0	10.3873
N29043|44674|10.0	10.3873
N29044|38712|10.0	10.3873
N29046|67530|10.0	10.3873
N29096|31999|10.0	10.3873
N29101|21226|10.0	10.3873
N29106|46625|10.0	10.3873
N29120|30364|10.0	10.3873
N29128|5127|10.0	10.3873
N29129|70202|10.0	10.3873
N29143|12793|10.0	10.3873
N29154|33129|10.0	10.3873
