100
N28155|54607|10.0	10.3873
N28160|75760|10.0	10.3873
N28161|87242|10.0	10.3873
N28162|84146|10.0	10.3873
N28166|73902|10.0	10.3873
N28167|22810|10.0	10.3873
N28168|10059|10.0	10.3873
N28179|4208|10.0	10.3873
N28184|25706|10.0	10.3873
N28214|6707|10.0	10.3873
N28218|82265|10.0	10.3873
N28228|2077|10.0	10.3873
N28229|8280|10.0	10.3873
N28230|59114|10.0	10.3873
N28258|6108|10.0	10.3873
N28259|74166|10.0	10.3873
N28281|36128|10.0	10.3873
N28283|16531|10.0	10.3873
N28286|3686|10.0	10.3873
N28294|69|10.0	10.3873
N28300|76436|10.0	10.3873
N28306|45914|10.0	10.3873
N28318|91522|10.0	10.3873
N28353|21016|10.0	10.3873
N28358|1576|10.0	10.3873
N28359|43577|10.0	10.3873
N28368|61801|10.0	10.3873
N28369|90041|10.0	10.3873
N28379|94862|10.0	10.3873
N28384|27704|10.0	10.3873
N28392|44239|10.0	10.3873
N28410|36106|10.0	10.3873
N28419|31315|10.0	10.3873
N28422|43803|10.0	10.3873
N28430|60611|10.0	10.3873
N28433|79238|10.0	10.3873
N28439|60249|10.0	10.3873
N28441|35831|10.0	10.3873
N28447|38083|10.0	10.3873
N28478|99725|10.0	10.3873
N28479|20994|10.0	10.3873
N28482|91569|10.0	10.3873
N28491|86989|10.0	10.3873
N28492|74981|10.0	10.3873
N28502|54060|10.0	10.3873
N28523|37095|10.0	10.3873
N28531|72875|10.0	10.3873
N28564|93318|10.0	10.3873
N28565|85620|10.0	10.3873
N28566|54533|10.0	10.3873
N28567|58808|10.0	10.3873
N28570|25889|10.0	10.3873
N28578|2130|10.0	10.3873
N28582|39063|10.0	10.3873
N28618|25121|10.0	10.3873
N28619|3744|10.0	10.3873
N28623|25080|10.0	10.3873
N28656|46692|10.0	10.3873
N28675|36822|10.0	10.3873
N28678|29020|10.0	10.3873
N28684|73989|10.0	10.3873
N28685|35135|10.0	10.3873
N28686|16541|10.0	10.3873
N28693|3441|10.0	10.3873
N28694|2871|10.0	10.3873
N28697|40187|10.0	10.3873
N28713|6157|10.0	10.3873
N28721|98178|10.0	10.3873
N28722|29810|10.0	10.3873
N28725|21741|10.0	10.3873
N28732|50858|10.0	10.3873
N28733|27537|10.0	10.3873
N28737|24407|10.0	10.3873
N28745|84658|10.0	10.3873
N28757|35715|10.0	10.3873
N28762|2607|10.0	10.3873
N28793|633|10.0	10.3873
N28829|90454|10.0	10.3873
N28844|61890|10.0	10.3873
N28861|37052|10.0	10.3873
N28870|50334|10.0	10.3873
N28873|81392|10.0	10.3873
N28892|71768|10.0	10.3873
N28923|17348|10.0	10.3873
N28924|17926|10.0	10.3873
N28935|28841|10.0	10.3873
N28940|8181|10.0	10.3873
N28997|87163|10.0	10.3873
N29009|13347|10.0	10.3873
N29022|59917|10.0	10.3873
N29030|59046|10.0	10.3873
N29070|74821|10.0	10.3873
N29079|18946|10.0	10.3873
N29099|78296|10.0	10.3873
N29103|32982|10.0	10.3873
N29116|76772|10.0	10.3873
N29140|44278|10.0	10.3873
N29142|85964|10.0	10.3873
N29143|12793|10.0	10.3873
N29144|32556|10.0	10.3873
