100
N28172|46287|10.0	10.6906
N28182|19248|10.0	10.6906
N28189|64241|10.0	10.6906
N28200|4841|10.0	10.6906
N28223|1511|10.0	10.6906
N28226|61719|10.0	10.6906
N28241|21278|10.0	10.6906
N28242|18684|10.0	10.6906
N28247|92255|10.0	10.6906
N28249|35934|10.0	10.6906
N28278|77255|10.0	10.6906
N28310|27746|10.0	10.6906
N28331|52687|10.0	10.6906
N28341|11800|10.0	10.6906
N28347|7101|10.0	10.6906
N28349|813|10.0	10.6906
N28363|70039|10.0	10.6906
N28389|27375|10.0	10.6906
N28394|52526|10.0	10.6906
N28408|1634|10.0	10.6906
N28416|75437|10.0	10.6906
N28434|79447|10.0	10.6906
N28472|9832|10.0	10.6906
N28473|19758|10.0	10.6906
N28476|18790|10.0	10.6906
N28483|28755|10.0	10.6906
N28487|28398|10.0	10.6906
N28489|56847|10.0	10.6906
N28499|27902|10.0	10.6906
N28514|12443|10.0	10.6906
N28521|61337|10.0	10.6906
N28534|96005|10.0	10.6906
N28536|112|10.0	10.6906
N28537|46823|10.0	10.6906
N28539|87867|10.0	10.6906
N28544|85420|10.0	10.6906
N28548|25019|10.0	10.6906
N28560|4440|10.0	10.6906
N28561|31507|10.0	10.6906
N28572|38665|10.0	10.6906
N28573|46884|10.0	10.6906
N28574|50882|10.0	10.6906
N28592|37890|10.0	10.6906
N28601|15306|10.0	10.6906
N28607|70292|10.0	10.6906
N28625|74324|10.0	10.6906
N28637|37148|10.0	10.6906
N28650|13962|10.0	10.6906
N28660|90876|10.0	10.6906
N28666|55931|10.0	10.6906
N28667|32463|10.0	10.6906
N28754|3626|10.0	10.6906
N28758|38144|10.0	10.6906
N28759|79375|10.0	10.6906
N28765|89214|10.0	10.6906
N28772|43565|10.0	10.6906
N28785|34953|10.0	10.6906
N28792|23946|10.0	10.6906
N28795|39669|10.0	10.6906
N28808|52695|10.0	10.6906
N28813|301|10.0	10.6906
N28820|2940|10.0	10.6906
N28848|71498|10.0	10.6906
N28857|72746|10.0	10.6906
N28899|34868|10.0	10.6906
N28915|41914|10.0	10.6906
N28946|9541|10.0	10.6906
N28950|92162|10.0	10.6906
N28953|97981|10.0	10.6906
N28957|42096|10.0	10.6906
N28964|37937|10.0	10.6906
N28974|41471|10.0	10.6906
N28975|20424|10.0	10.6906
N28978|24210|10.0	10.6906
N28979|22476|10.0	10.6906
N28983|52776|10.0	10.6906
N28999|37215|10.0	10.6906
N29005|79655|10.0	10.6906
N29013|55642|10.0	10.6906
N29016|2729|10.0	10.6906
N29020|56339|10.0	10.6906
N29021|63586|10.0	10.6906
N29049|78792|10.0	10.6906
N29055|44283|10.0	10.6906
N29062|14140|10.0	10.6906
N29074|30752|10.0	10.6906
N29076|25711|10.0	10.6906
N29077|5753|10.0	10.6906
N29081|75238|10.0	10.6906
N29083|3231|10.0	10.6906
N29084|53632|10.0	10.6906
N29092|25142|10.0	10.6906
N29105|99221|10.0	10.6906
N29118|10868|10.0	10.6906
N29121|46086|10.0	10.6906
N29126|50206|10.0	10.6906
N29131|30961|10.0	10.6906
N29137|23955|10.0	10.6906
N29150|78822|10.0	10.6906
N29151|47882|10.0	10.6906
