100
N28201|54973|10.0	10.6906
N28204|83086|10.0	10.6906
N28206|18486|10.0	10.6906
N28210|98185|10.0	10.6906
N28223|1511|10.0	10.6906
N28237|14591|10.0	10.6906
N28240|80978|10.0	10.6906
N28254|28852|10.0	10.6906
N28267|98259|10.0	10.6906
N28277|81712|10.0	10.6906
N28301|34363|10.0	10.6906
N28309|44643|10.0	10.6906
N28311|97489|10.0	10.6906
N28316|1864|10.0	10.6906
N28317|17890|10.0	10.6906
N28331|52687|10.0	10.6906
N28337|97175|10.0	10.6906
N28343|38205|10.0	10.6906
N28349|813|10.0	10.6906
N28388|76656|10.0	10.6906
N28394|52526|10.0	10.6906
N28400|10477|10.0	10.6906
N28404|8184|10.0	10.6906
N28405|30310|10.0	10.6906
N28413|15462|10.0	10.6906
N28460|49203|10.0	10.6906
N28463|49493|10.0	10.6906
N28468|75823|10.0	10.6906
N28469|54309|10.0	10.6906
N28472|9832|10.0	10.6906
N28474|5032|10.0	10.6906
N28484|64772|10.0	10.6906
N28497|74526|10.0	10.6906
N28498|40815|10.0	10.6906
N28512|79660|10.0	10.6906
N28528|44561|10.0	10.6906
N28529|51034|10.0	10.6906
N28535|26805|10.0	10.6906
N28538|9956|10.0	10.6906
N28548|25019|10.0	10.6906
N28555|79571|10.0	10.6906
N28556|64924|10.0	10.6906
N28574|50882|10.0	10.6906
N28583|38432|10.0	10.6906
N28586|16777|10.0	10.6906
N28628|52951|10.0	10.6906
N28630|78005|10.0	10.6906
N28637|37148|10.0	10.6906
N28640|16845|10.0	10.6906
N28645|44518|10.0	10.6906
N28652|5458|10.0	10.6906
N28664|77208|10.0	10.6906
N28671|44525|10.0	10.6906
N28676|43073|10.0	10.6906
N28744|40739|10.0	10.6906
N28749|20831|10.0	10.6906
N28752|558|10.0	10.6906
N28766|83013|10.0	10.6906
N28795|39669|10.0	10.6906
N28801|16134|10.0	10.6906
N28811|23375|10.0	10.6906
N28857|72746|10.0	10.6906
N28863|43478|10.0	10.6906
N28874|39316|10.0	10.6906
N28881|47589|10.0	10.6906
N28898|28052|10.0	10.6906
N28900|8566|10.0	10.6906
N28901|81284|10.0	10.6906
N28909|3592|10.0	10.6906
N28918|36786|10.0	10.6906
N28921|37587|10.0	10.6906
N28945|77288|10.0	10.6906
N28946|9541|10.0	10.6906
N28950|92162|10.0	10.6906
N28953|97981|10.0	10.6906
N28965|19518|10.0	10.6906
N28968|63749|10.0	10.6906
N28978|24210|10.0	10.6906
N28982|38703|10.0	10.6906
N28983|52776|10.0	10.6906
N28996|40152|10.0	10.6906
N29020|56339|10.0	10.6906
N29021|63586|10.0	10.6906
N29032|33464|10.0	10.6906
N29039|23157|10.0	10.6906
N29057|13328|10.0	10.6906
N29058|1444|10.0	10.6906
N29060|84697|10.0	10.6906
N29065|69645|10.0	10.6906
N29067|15308|10.0	10.6906
N29081|75238|10.0	10.6906
N29089|40987|10.0	10.6906
N29107|73472|10.0	10.6906
N29117|50150|10.0	10.6906
N29119|91135|10.0	10.6906
N29121|46086|10.0	10.6906
N29132|47541|10.0	10.6906
N29133|30991|10.0	10.6906
N29136|36213|10.0	10.6906
N29152|3518|10.0	10.6906
