100
N28195|44961|10.0	10.6906
N28208|1521|10.0	10.6906
N28237|14591|10.0	10.6906
N28241|21278|10.0	10.6906
N28245|33087|10.0	10.6906
N28250|30876|10.0	10.6906
N28253|14257|10.0	10.6906
N28255|45762|10.0	10.6906
N28262|9869|10.0	10.6906
N28278|77255|10.0	10.6906
N28289|98537|10.0	10.6906
N28312|17545|10.0	10.6906
N28313|12653|10.0	10.6906
N28333|44776|10.0	10.6906
N28343|38205|10.0	10.6906
N28348|64756|10.0	10.6906
N28356|7241|10.0	10.6906
N28404|8184|10.0	10.6906
N28406|47696|10.0	10.6906
N28408|1634|10.0	10.6906
N28427|69728|10.0	10.6906
N28431|93267|10.0	10.6906
N28460|49203|10.0	10.6906
N28461|79705|10.0	10.6906
N28465|89042|10.0	10.6906
N28470|20303|10.0	10.6906
N28474|5032|10.0	10.6906
N28476|18790|10.0	10.6906
N28480|65840|10.0	10.6906
N28484|64772|10.0	10.6906
N28493|33463|10.0	10.6906
N28499|27902|10.0	10.6906
N28511|84271|10.0	10.6906
N28514|12443|10.0	10.6906
N28515|6268|10.0	10.6906
N28517|73969|10.0	10.6906
N28520|48488|10.0	10.6906
N28525|74374|10.0	10.6906
N28527|81537|10.0	10.6906
N28534|96005|10.0	10.6906
N28537|46823|10.0	10.6906
N28542|34064|10.0	10.6906
N28543|90644|10.0	10.6906
N28548|25019|10.0	10.6906
N28552|33785|10.0	10.6906
N28553|41177|10.0	10.6906
N28554|51927|10.0	10.6906
N28556|64924|10.0	10.6906
N28583|38432|10.0	10.6906
N28591|59099|10.0	10.6906
N28593|40949|10.0	10.6906
N28595|46421|10.0	10.6906
N28596|84775|10.0	10.6906
N28633|42752|10.0	10.6906
N28640|16845|10.0	10.6906
N28753|15491|10.0	10.6906
N28768|79482|10.0	10.6906
N28789|53233|10.0	10.6906
N28801|16134|10.0	10.6906
N28803|4912|10.0	10.6906
N28806|85682|10.0	10.6906
N28807|13013|10.0	10.6906
N28808|52695|10.0	10.6906
N28820|2940|10.0	10.6906
N28847|49662|10.0	10.6906
N28848|71498|10.0	10.6906
N28869|14720|10.0	10.6906
N28879|82208|10.0	10.6906
N28882|72509|10.0	10.6906
N28900|8566|10.0	10.6906
N28915|41914|10.0	10.6906
N28922|32691|10.0	10.6906
N28968|63749|10.0	10.6906
N28970|65098|10.0	10.6906
N28971|26909|10.0	10.6906
N28976|33554|10.0	10.6906
N28977|20199|10.0	10.6906
N28982|38703|10.0	10.6906
N28986|27713|10.0	10.6906
N28988|77420|10.0	10.6906
N29015|33888|10.0	10.6906
N29016|2729|10.0	10.6906
N29017|72458|10.0	10.6906
N29021|63586|10.0	10.6906
N29029|67421|10.0	10.6906
N29038|83595|10.0	10.6906
N29042|47128|10.0	10.6906
N29051|89258|10.0	10.6906
N29052|26648|10.0	10.6906
N29054|42261|10.0	10.6906
N29066|16782|10.0	10.6906
N29075|22160|10.0	10.6906
N29084|53632|10.0	10.6906
N29109|97792|10.0	10.6906
N29111|1026|10.0	10.6906
N29123|90725|10.0	10.6906
N29145|41886|10.0	10.6906
N29146|62915|10.0	10.6906
N29148|73730|10.0	10.6906
N29149|49622|10.0	10.6906
