100
N28159|66602|10.0	10.3873
N28160|75760|10.0	10.3873
N28162|84146|10.0	10.3873
N28167|22810|10.0	10.3873
N28180|53029|10.0	10.3873
N28181|14963|10.0	10.3873
N28191|710|10.0	10.3873
N28192|82249|10.0	10.3873
N28198|11623|10.0	10.3873
N28229|8280|10.0	10.3873
N28230|59114|10.0	10.3873
N28239|34775|10.0	10.3873
N28243|9845|10.0	10.3873
N28284|37883|10.0	10.3873
N28286|3686|10.0	10.3873
N28290|50021|10.0	10.3873
N28291|23577|10.0	10.3873
N28295|58504|10.0	10.3873
N28297|5436|10.0	10.3873
N28322|19298|10.0	10.3873
N28339|76745|10.0	10.3873
N28357|43620|10.0	10.3873
N28370|76626|10.0	10.3873
N28383|9260|10.0	10.3873
N28387|23427|10.0	10.3873
N28398|87920|10.0	10.3873
N28418|73018|10.0	10.3873
N28424|35097|10.0	10.3873
N28426|74684|10.0	10.3873
N28439|60249|10.0	10.3873
N28440|38458|10.0	10.3873
N28442|1965|10.0	10.3873
N28446|71818|10.0	10.3873
N28448|17168|10.0	10.3873
N28451|83266|10.0	10.3873
N28477|9951|10.0	10.3873
N28479|20994|10.0	10.3873
N28506|83817|10.0	10.3873
N28540|56227|10.0	10.3873
N28545|25246|10.0	10.3873
N28570|25889|10.0	10.3873
N28575|78432|10.0	10.3873
N28578|2130|10.0	10.3873
N28581|26558|10.0	10.3873
N28582|39063|10.0	10.3873
N28585|40638|10.0	10.3873
N28602|83697|10.0	10.3873
N28622|14937|10.0	10.3873
N28641|64773|10.0	10.3873
N28648|28245|10.0	10.3873
N28656|46692|10.0	10.3873
N28678|29020|10.0	10.3873
N28681|40467|10.0	10.3873
N28684|73989|10.0	10.3873
N28686|16541|10.0	10.3873
N28700|19520|10.0	10.3873
N28702|65994|10.0	10.3873
N28707|4303|10.0	10.3873
N28716|15408|10.0	10.3873
N28727|85988|10.0	10.3873
N28728|1552|10.0	10.3873
N28746|9479|10.0	10.3873
N28757|35715|10.0	10.3873
N28783|26494|10.0	10.3873
N28809|76187|10.0	10.3873
N28823|22165|10.0	10.3873
N28826|46119|10.0	10.3873
N28828|974|10.0	10.3873
N28830|84053|10.0	10.3873
N28845|5413|10.0	10.3873
N28870|50334|10.0	10.3873
N28880|74317|10.0	10.3873
N28904|62039|10.0	10.3873
N28923|17348|10.0	10.3873
N28940|8181|10.0	10.3873
N28955|19516|10.0	10.3873
N28956|92229|10.0	10.3873
N28960|15541|10.0	10.3873
N28962|36686|10.0	10.3873
N28987|86716|10.0	10.3873
N29003|37490|10.0	10.3873
N29010|26650|10.0	10.3873
N29012|30063|10.0	10.3873
N29040|64514|10.0	10.3873
N29045|9670|10.0	10.3873
N29048|43090|10.0	10.3873
N29070|74821|10.0	10.3873
N29086|10859|10.0	10.3873
N29094|51887|10.0	10.3873
N29097|2113|10.0	10.3873
N29099|78296|10.0	10.3873
N29104|20692|10.0	10.3873
N29110|32261|10.0	10.3873
N29114|54719|10.0	10.3873
N29115|10521|10.0	10.3873
N29116|76772|10.0	10.3873
N29125|31592|10.0	10.3873
N29128|5127|10.0	10.3873
N29144|32556|10.0	10.3873
N29153|37957|10.0	10.3873
