100
N28172|46287|10.0	10.6906
N28182|19248|10.0	10.6906
N28204|83086|10.0	10.6906
N28209|50219|10.0	10.6906
N28233|35183|10.0	10.6906
N28242|18684|10.0	10.6906
N28263|7846|10.0	10.6906
N28275|44679|10.0	10.6906
N28302|55393|10.0	10.6906
N28305|12507|10.0	10.6906
N28311|97489|10.0	10.6906
N28317|17890|10.0	10.6906
N28334|58430|10.0	10.6906
N28337|97175|10.0	10.6906
N28340|68311|10.0	10.6906
N28342|68493|10.0	10.6906
N28349|813|10.0	10.6906
N28354|63706|10.0	10.6906
N28356|7241|10.0	10.6906
N28362|69059|10.0	10.6906
N28365|37056|10.0	10.6906
N28367|18778|10.0	10.6906
N28385|32174|10.0	10.6906
N28386|44203|10.0	10.6906
N28399|70182|10.0	10.6906
N28459|65492|10.0	10.6906
N28461|79705|10.0	10.6906
N28464|48027|10.0	10.6906
N28466|50952|10.0	10.6906
N28469|54309|10.0	10.6906
N28476|18790|10.0	10.6906
N28490|19943|10.0	10.6906
N28499|27902|10.0	10.6906
N28501|97328|10.0	10.6906
N28514|12443|10.0	10.6906
N28516|7030|10.0	10.6906
N28517|73969|10.0	10.6906
N28537|46823|10.0	10.6906
N28548|25019|10.0	10.6906
N28552|33785|10.0	10.6906
N28574|50882|10.0	10.6906
N28583|38432|10.0	10.6906
N28586|16777|10.0	10.6906
N28591|59099|10.0	10.6906
N28596|84775|10.0	10.6906
N28630|78005|10.0	10.6906
N28665|15298|10.0	10.6906
N28667|32463|10.0	10.6906
N28670|28531|10.0	10.6906
N28671|44525|10.0	10.6906
N28676|43073|10.0	10.6906
N28754|3626|10.0	10.6906
N28766|83013|10.0	10.6906
N28771|58320|10.0	10.6906
N28785|34953|10.0	10.6906
N28790|23894|10.0	10.6906
N28795|39669|10.0	10.6906
N28806|85682|10.0	10.6906
N28807|13013|10.0	10.6906
N28810|85572|10.0	10.6906
N28816|5974|10.0	10.6906
N28820|2940|10.0	10.6906
N28831|70254|10.0	10.6906
N28834|12766|10.0	10.6906
N28836|34751|10.0	10.6906
N28841|84914|10.0	10.6906
N28853|18994|10.0	10.6906
N28855|24428|10.0	10.6906
N28864|31490|10.0	10.6906
N28882|72509|10.0	10.6906
N28885|76696|10.0	10.6906
N28896|3447|10.0	10.6906
N28899|34868|10.0	10.6906
N28901|81284|10.0	10.6906
N28903|49327|10.0	10.6906
N28915|41914|10.0	10.6906
N28920|96808|10.0	10.6906
N28932|18555|10.0	10.6906
N28950|92162|10.0	10.6906
N28953|97981|10.0	10.6906
N28964|37937|10.0	10.6906
N28966|19003|10.0	10.6906
N28981|1098|10.0	10.6906
N28983|52776|10.0	10.6906
N28999|37215|10.0	10.6906
N29006|50795|10.0	10.6906
N29020|56339|10.0	10.6906
N29028|65361|10.0	10.6906
N29032|33464|10.0	10.6906
N29036|23396|10.0	10.6906
N29037|98083|10.0	10.6906
N29055|44283|10.0	10.6906
N29057|13328|10.0	10.6906
N29077|5753|10.0	10.6906
N29111|1026|10.0	10.6906
N29121|46086|10.0	10.6906
N29145|41886|10.0	10.6906
N29146|62915|10.0	10.6906
N29148|73730|10.0	10.6906
N29150|78822|10.0	10.6906
